// Random graph: 1000 nodes, 5000 edges
906 452
241 25
246 877
282 814
588 961
739 212
47 467
264 637
643 397
801 933
76 441
403 1
350 150
372 242
216 230
526 774
952 939
670 861
130 786
79 305
736 34
922 547
263 207
933 206
510 972
347 863
76 724
197 359
664 663
597 993
39 232
488 158
564 214
129 845
301 374
840 537
160 490
612 677
102 397
206 767
30 83
112 329
716 583
610 543
735 805
757 913
623 426
220 266
67 152
594 377
753 671
574 714
975 929
626 352
788 975
670 772
749 194
932 686
156 699
832 374
99 577
915 347
347 350
791 163
152 52
371 745
959 348
940 7
864 608
324 467
883 595
801 559
636 51
830 557
405 722
509 628
167 629
240 796
931 856
144 384
999 544
43 297
31 131
513 537
269 622
620 24
578 539
14 344
117 149
990 141
29 229
855 902
401 611
729 68
149 431
525 20
816 585
225 123
384 650
377 880
70 201
426 410
374 489
527 575
987 497
521 209
145 470
544 42
388 771
452 338
314 333
768 499
406 585
604 326
199 627
973 883
709 306
204 847
310 635
125 895
328 469
552 105
634 15
628 227
698 740
528 527
462 824
980 226
430 170
468 798
62 727
313 599
80 672
391 390
215 862
275 421
342 452
366 189
71 188
902 373
815 406
164 44
672 586
516 202
911 939
740 405
705 796
672 965
504 780
303 400
198 365
618 682
723 447
840 789
443 618
87 798
820 226
295 261
191 462
178 367
764 489
879 865
993 118
670 375
62 631
297 537
550 682
567 614
998 542
946 453
828 612
881 113
52 580
624 81
237 181
737 585
314 378
784 282
962 149
746 460
252 868
878 681
461 548
599 370
703 327
393 897
920 148
956 86
453 797
218 533
945 493
627 596
270 941
514 554
444 325
261 138
788 626
722 875
951 918
506 115
781 233
304 327
519 344
158 731
765 2
733 431
666 439
60 51
276 59
972 424
430 967
428 222
232 897
374 912
526 797
179 809
12 255
758 207
206 802
238 481
227 970
81 18
592 193
242 364
216 771
501 718
423 508
980 563
663 883
293 121
273 480
730 822
905 226
576 5
67 566
199 753
737 442
37 376
494 306
119 682
668 997
163 128
353 200
593 358
166 143
284 25
135 772
443 144
608 506
761 690
848 157
609 594
863 816
421 147
582 332
383 82
149 987
161 425
675 273
333 60
697 3
844 449
104 944
718 425
873 659
729 233
42 702
203 143
918 939
952 314
199 152
26 365
558 472
596 561
331 801
75 594
563 355
471 241
940 63
11 486
493 762
565 133
260 461
248 176
191 392
537 304
803 616
416 350
909 631
958 597
457 875
55 436
498 220
53 42
419 537
110 85
216 683
968 269
142 464
540 390
961 290
190 64
857 849
707 816
847 410
950 314
404 675
485 687
107 734
424 526
163 988
923 52
931 95
934 841
773 679
422 245
346 643
624 31
505 214
231 923
324 25
882 164
121 913
939 405
547 779
612 469
235 62
532 557
138 146
246 70
361 911
66 165
787 738
757 433
0 587
641 107
279 557
37 387
841 32
80 444
622 848
39 25
800 451
155 284
330 371
665 298
761 288
477 985
49 740
530 332
856 996
201 970
416 771
468 364
569 27
796 890
505 474
967 843
434 136
529 441
835 822
11 319
796 357
818 483
589 158
83 34
164 728
299 497
579 103
547 221
460 875
733 525
319 976
645 501
285 919
495 413
896 688
618 165
840 286
415 114
623 868
19 713
201 720
228 82
844 47
352 947
632 541
510 949
480 309
406 897
590 45
580 391
189 709
785 815
483 637
238 912
824 428
740 60
250 486
815 371
651 375
420 923
505 824
377 992
487 960
811 907
949 18
256 3
871 982
323 54
106 304
141 992
92 234
610 988
628 698
975 165
22 95
166 7
680 80
71 111
155 331
809 916
249 304
633 329
541 45
236 618
551 41
323 394
908 46
494 156
783 459
72 435
230 384
894 121
172 597
486 650
156 83
92 912
881 552
968 303
559 517
803 243
787 378
453 506
364 296
494 851
6 218
390 4
227 116
382 577
442 651
827 41
710 756
780 520
628 597
634 535
162 865
212 742
225 330
412 594
488 841
737 122
540 530
576 580
529 247
812 934
670 299
65 758
489 292
418 580
227 915
822 734
569 909
504 197
397 543
402 566
18 948
691 673
243 789
302 755
806 768
164 81
275 153
752 735
949 796
845 199
331 382
116 144
46 358
345 956
792 653
520 638
289 694
575 117
209 5
789 687
136 318
793 822
404 36
774 430
451 736
369 10
378 231
756 408
692 708
298 62
767 404
843 915
415 783
974 611
688 980
4 785
817 188
795 724
313 996
801 448
994 515
755 408
74 162
643 900
611 266
330 451
757 232
621 604
451 802
862 226
497 198
980 990
75 84
457 670
490 432
836 14
987 996
893 790
856 38
473 758
493 403
181 218
880 494
778 843
754 304
345 479
86 617
118 966
959 693
282 87
108 868
21 485
109 338
406 491
410 328
446 921
178 806
911 405
32 512
59 86
789 119
417 350
118 745
776 67
980 833
812 73
161 231
110 686
204 561
589 426
344 986
862 473
512 613
278 4
772 908
136 540
12 668
863 402
523 692
15 915
868 137
18 632
825 861
185 123
676 745
913 6
487 837
85 620
748 683
976 356
265 914
38 169
514 429
880 846
95 67
451 232
769 693
0 323
235 598
689 871
536 571
557 800
779 655
676 958
337 485
844 852
642 217
553 659
463 642
127 891
612 397
617 419
37 846
411 22
323 155
338 527
304 617
469 834
927 610
150 427
77 3
571 492
78 794
433 618
41 639
730 800
565 472
216 867
500 211
91 106
164 407
913 362
185 145
205 191
237 41
186 484
567 115
185 810
277 137
347 420
732 936
23 526
291 616
363 409
249 793
748 847
472 680
343 212
767 135
585 985
268 109
837 645
6 936
833 761
160 984
887 736
101 862
187 437
533 36
640 267
42 88
818 413
16 314
128 820
80 245
937 841
66 440
15 101
857 272
300 939
278 711
198 780
693 658
698 914
556 341
42 122
425 689
658 146
603 904
942 628
799 476
498 980
589 635
950 674
343 419
277 382
963 937
582 90
146 251
139 749
28 656
375 695
544 30
747 535
66 916
161 655
442 613
224 484
567 691
293 279
940 263
928 849
314 381
836 895
766 681
991 718
933 943
880 28
741 278
747 921
804 629
967 220
395 260
137 399
513 211
484 746
965 849
950 777
151 189
402 279
275 809
624 906
850 436
460 111
268 407
765 985
851 84
621 110
966 557
684 593
26 538
409 533
959 699
294 267
560 243
392 790
855 669
572 998
426 859
751 400
851 709
916 620
168 672
134 40
887 353
692 981
243 307
950 672
215 888
642 136
423 430
191 272
439 167
555 846
286 832
236 737
159 102
424 550
399 550
958 138
834 716
204 460
44 295
228 282
364 144
21 146
524 59
914 457
902 670
154 91
735 99
71 497
570 720
674 287
518 721
583 891
664 292
849 647
572 705
749 692
394 281
326 815
211 469
581 482
486 410
246 638
243 703
552 665
465 359
554 758
461 30
426 913
875 586
605 625
321 279
913 476
128 835
189 7
305 832
922 515
371 334
741 70
998 12
542 617
809 257
852 485
27 408
825 125
263 74
107 46
49 705
204 125
224 747
40 804
642 172
921 521
69 364
600 35
668 205
520 226
377 651
364 49
45 922
461 903
401 769
210 320
181 99
166 946
473 837
205 733
739 63
426 364
909 635
888 340
625 984
859 456
249 104
437 47
316 900
341 185
671 255
138 829
465 96
327 376
424 934
792 787
433 596
252 336
607 513
801 266
210 77
360 123
53 230
242 370
261 66
870 688
898 991
821 260
10 784
121 916
486 451
744 261
880 648
991 383
765 750
431 592
471 592
524 452
538 127
85 495
311 561
662 391
994 631
604 661
285 226
546 425
973 807
90 442
54 65
748 508
540 472
8 114
39 199
140 426
340 666
298 306
219 628
807 580
746 149
23 755
552 52
31 618
232 69
694 103
153 170
608 44
471 643
576 980
43 102
900 849
61 887
448 12
640 645
451 409
189 380
892 719
545 626
278 796
654 28
583 682
873 0
259 847
12 979
808 454
510 457
823 523
572 143
852 374
701 464
540 297
105 772
775 909
898 859
562 113
835 181
110 989
297 469
111 821
349 612
26 682
185 488
89 968
78 396
157 163
618 259
258 380
742 188
961 347
76 322
920 697
247 746
331 930
805 651
697 703
121 386
956 938
47 605
411 275
323 496
739 285
844 570
814 216
962 190
781 132
315 12
919 369
541 96
746 254
354 156
957 646
89 564
877 525
118 168
27 899
920 757
90 944
155 750
368 151
257 129
997 911
126 854
128 854
528 971
344 965
795 727
769 500
337 25
497 81
96 504
844 601
888 629
700 103
181 526
831 731
232 794
346 939
321 437
135 585
62 694
357 992
372 461
783 979
477 879
452 517
500 102
721 472
711 57
528 866
379 869
749 632
653 846
563 748
347 548
521 324
873 474
226 690
480 748
161 573
547 222
564 447
70 825
392 385
714 205
843 662
384 45
227 966
785 626
893 277
9 485
22 8
835 966
661 505
937 395
371 216
485 535
290 675
975 878
475 281
15 79
638 35
244 565
330 800
678 520
832 62
73 843
509 452
79 764
883 770
163 645
32 497
588 493
306 417
177 708
717 954
295 585
815 529
548 964
266 307
17 584
691 432
907 613
455 514
13 167
337 830
902 710
310 730
959 79
340 727
488 366
396 665
315 145
180 168
788 227
495 203
865 665
754 219
345 733
107 426
327 990
170 520
482 681
665 14
421 463
289 191
293 112
618 903
656 857
360 301
420 282
303 605
969 520
347 767
344 836
669 608
967 798
927 87
209 658
60 739
211 890
814 72
904 210
931 767
531 638
518 719
134 475
687 456
397 988
76 503
204 836
447 805
176 855
924 268
30 577
510 44
134 518
920 860
277 314
704 324
3 499
587 338
419 508
750 407
158 233
163 526
805 26
509 562
765 340
619 79
607 315
294 310
876 443
554 70
384 57
97 903
832 528
798 426
63 979
927 691
865 629
972 768
225 108
801 724
348 38
232 610
268 839
719 701
434 801
325 388
776 555
57 170
116 972
730 63
880 545
663 507
947 253
63 310
855 794
299 788
518 544
625 966
896 520
241 92
214 701
621 413
489 877
270 845
117 847
708 265
101 986
821 675
775 753
912 996
646 335
371 853
837 434
571 150
759 254
378 848
926 831
725 196
577 359
744 920
677 900
997 96
585 332
675 714
415 695
319 31
341 510
188 236
154 621
71 628
164 305
19 760
289 920
801 450
479 752
742 346
584 290
504 596
614 212
693 766
511 781
93 305
266 955
329 561
78 678
409 287
837 160
607 966
772 708
107 582
666 455
1 784
818 248
593 188
954 525
663 844
867 520
587 726
220 646
622 103
102 734
368 590
108 886
511 335
217 893
416 270
146 683
281 793
442 182
771 592
346 127
418 453
933 372
162 529
887 694
103 785
891 955
80 961
446 423
426 934
902 362
210 30
408 261
289 315
2 734
985 973
465 270
151 117
661 557
517 761
918 649
617 135
469 926
671 925
976 848
44 810
362 945
458 529
66 997
107 88
954 152
860 234
896 861
930 788
107 440
53 457
65 686
982 666
528 604
933 46
404 236
655 624
929 351
927 241
692 780
737 893
89 563
456 791
859 62
914 846
506 100
163 530
394 554
134 851
195 26
484 896
321 717
223 613
695 339
793 370
777 561
480 643
624 300
53 309
287 515
281 15
127 635
419 821
75 962
531 0
34 793
716 520
640 457
951 293
271 908
688 133
474 873
546 411
654 115
184 662
262 941
426 931
592 129
643 263
851 542
576 956
972 387
903 760
503 47
473 280
301 840
76 315
1 428
577 71
253 909
258 324
384 128
801 892
515 164
93 24
685 158
907 691
724 171
639 164
182 863
59 437
76 28
188 814
437 393
540 81
551 979
733 680
135 198
771 135
298 756
564 980
118 153
225 686
562 443
273 391
211 865
385 204
78 362
754 568
923 404
857 9
473 198
223 929
532 572
817 734
969 403
918 306
224 518
402 411
743 451
533 299
293 750
32 367
553 191
455 899
748 866
921 413
196 746
545 190
249 174
681 740
671 324
408 658
132 89
461 249
328 608
298 960
698 813
544 55
947 966
861 609
775 296
979 580
645 608
256 273
194 803
166 945
316 460
259 213
215 449
98 97
957 822
146 278
149 290
142 760
151 252
487 117
397 993
601 55
237 173
961 115
626 181
746 838
336 834
773 236
171 436
721 296
423 438
494 625
619 675
182 107
315 38
124 399
456 176
401 835
984 74
211 309
593 257
906 340
988 474
388 45
797 120
756 949
145 19
148 361
237 437
450 866
974 383
457 406
146 162
474 135
445 102
164 865
730 879
247 834
591 377
761 638
564 141
764 935
191 633
278 347
328 774
722 51
279 219
241 901
539 544
464 895
598 386
137 832
33 958
14 786
419 343
431 283
961 832
479 128
518 746
95 409
530 179
29 145
224 849
684 506
424 482
56 19
724 873
722 771
784 255
896 384
451 908
391 861
970 322
150 241
532 117
223 267
739 159
995 79
56 703
315 168
822 862
898 385
366 36
495 27
754 278
501 847
345 968
802 529
177 751
493 450
319 872
180 602
898 463
893 468
461 92
809 814
208 37
369 992
140 787
638 409
877 296
959 227
559 558
673 683
765 333
825 295
583 313
617 756
685 771
19 777
291 161
391 955
230 301
88 868
352 826
393 832
35 371
760 75
477 183
933 564
451 553
501 602
755 697
696 29
760 458
954 862
450 830
784 806
486 227
3 647
329 170
863 373
404 541
419 668
193 729
620 108
46 781
402 167
539 466
659 774
312 776
30 332
769 948
784 611
115 151
15 684
850 860
897 716
586 186
104 888
634 604
416 846
661 31
244 938
54 136
394 218
372 677
393 245
830 31
978 733
184 365
855 896
699 920
977 95
545 854
781 797
872 555
273 969
332 360
285 718
464 28
835 739
145 11
184 396
588 259
711 766
463 501
811 199
911 262
268 12
632 107
903 647
480 164
480 329
743 592
806 834
650 640
799 621
653 398
179 168
800 794
436 925
502 215
618 275
305 556
399 627
369 704
677 606
368 42
443 305
334 689
227 410
426 463
481 139
730 235
954 441
252 540
692 470
314 45
890 477
944 433
56 269
486 475
986 976
438 26
412 452
488 365
392 262
893 604
364 998
214 937
173 969
256 128
485 31
508 229
761 123
782 264
687 337
575 937
757 481
992 401
602 29
11 547
289 797
161 583
76 602
505 674
349 870
531 125
390 981
443 842
423 61
540 836
885 385
940 253
235 811
550 643
180 726
626 872
797 77
24 530
66 829
852 850
639 648
126 797
400 435
167 609
744 784
802 719
310 816
875 250
657 432
281 21
951 244
600 575
207 108
818 813
797 875
28 453
892 669
907 399
866 602
694 414
155 435
183 116
539 117
34 122
687 271
628 380
578 815
622 493
239 929
432 685
347 873
128 738
100 726
636 739
282 0
633 163
308 607
29 715
512 52
836 658
908 269
962 289
988 680
94 330
769 255
655 338
301 433
217 366
785 13
71 596
711 212
22 269
522 346
190 435
460 359
311 126
756 30
12 859
496 928
170 197
279 687
981 203
50 84
572 108
549 962
753 179
473 683
111 990
76 998
703 381
583 463
58 386
799 668
332 701
152 225
853 236
995 587
6 908
376 427
843 160
315 377
482 123
790 173
937 793
248 405
365 617
362 141
912 557
88 536
594 469
713 268
805 558
51 576
313 231
909 79
986 35
195 116
768 897
953 948
424 94
535 911
262 777
301 945
863 708
453 705
177 909
272 507
51 565
503 23
991 490
755 957
899 491
416 17
944 728
981 18
635 792
219 175
225 870
12 6
265 964
269 491
822 904
835 679
823 830
645 376
253 977
66 528
725 46
885 603
589 266
124 677
663 656
266 299
455 1
477 446
928 66
797 387
482 897
91 72
3 404
0 904
819 871
421 216
653 149
491 579
667 656
376 417
752 114
111 155
259 907
272 537
88 466
108 766
715 435
355 637
188 804
126 243
183 307
745 819
399 942
383 451
497 517
592 548
199 217
929 632
250 107
703 351
566 197
759 868
554 866
128 433
535 515
846 101
860 993
894 428
624 280
486 222
793 99
41 968
211 12
945 571
419 170
978 487
727 0
707 116
402 291
305 583
816 233
518 644
776 21
393 588
12 275
203 854
260 978
205 833
374 928
277 297
481 814
168 893
135 612
671 452
6 709
772 557
419 299
990 769
833 889
395 15
325 150
492 207
336 958
506 967
105 738
590 622
194 13
933 325
789 820
359 24
675 452
485 447
968 40
946 971
73 139
662 827
112 284
585 477
521 861
747 51
503 666
545 211
380 263
785 767
992 668
469 516
14 776
591 748
662 816
101 654
691 968
812 993
285 28
935 155
658 695
540 718
617 387
173 683
861 923
947 484
49 629
304 723
712 302
255 624
639 638
432 933
251 211
114 42
692 293
116 936
339 822
758 238
447 86
670 14
477 869
59 264
346 975
930 867
655 199
128 336
936 715
71 836
400 492
286 924
441 698
394 957
206 0
714 720
415 410
446 681
961 713
6 420
260 804
516 853
471 684
536 995
910 758
587 988
350 262
555 623
506 0
477 919
769 906
686 582
187 147
873 870
671 895
904 181
903 192
475 888
75 713
699 317
950 29
762 179
91 844
219 725
402 184
97 659
97 740
364 753
113 439
438 816
198 121
737 623
859 332
538 279
10 109
95 454
963 228
178 443
50 125
299 487
881 263
804 309
645 43
328 116
624 75
807 973
884 170
781 352
467 562
286 939
417 916
451 408
667 219
583 611
884 263
855 561
564 465
282 880
754 834
133 36
763 33
910 158
519 649
292 230
681 169
223 595
614 271
930 838
360 521
197 532
938 170
350 967
284 649
522 716
685 140
997 538
656 725
865 338
126 937
600 954
136 488
998 915
729 401
100 416
879 189
165 459
629 199
580 414
278 898
417 711
350 925
838 551
426 656
472 245
345 879
572 938
23 592
295 240
516 483
500 70
981 357
815 467
863 807
972 445
929 135
64 397
460 599
174 713
275 810
584 604
565 857
792 295
827 838
154 522
257 284
146 166
871 241
365 792
91 765
977 839
48 630
397 125
472 312
893 531
952 618
638 347
497 855
990 631
152 783
337 810
132 72
489 54
809 549
745 132
901 555
818 666
530 389
201 899
96 78
12 418
754 115
607 879
182 524
958 895
297 879
608 647
856 426
662 255
56 310
122 947
926 920
477 984
580 946
477 178
111 430
617 620
877 987
880 564
666 477
174 542
598 470
691 697
360 729
390 652
211 14
651 329
873 869
347 566
104 694
220 768
112 882
784 202
115 500
465 933
326 892
253 1
165 801
38 391
693 490
396 746
568 262
381 358
672 799
56 776
952 516
558 352
287 340
637 0
688 620
703 752
27 916
192 972
833 694
989 750
141 708
688 598
551 709
113 714
637 435
293 48
954 732
599 652
495 469
138 413
532 930
64 281
719 219
257 791
655 93
245 78
127 998
615 838
745 136
628 257
212 69
544 377
452 226
71 415
721 241
765 741
238 863
547 62
647 62
16 662
804 91
802 199
269 139
824 106
477 250
795 664
226 299
942 946
646 900
105 896
644 852
383 946
857 298
90 221
973 755
488 838
769 216
14 126
639 637
580 990
846 84
589 2
788 244
250 768
233 667
16 351
108 606
77 734
195 326
423 928
959 852
642 29
509 518
191 429
524 861
904 591
449 453
400 491
403 326
195 347
36 965
981 195
923 340
908 897
787 804
355 448
657 205
756 413
443 617
614 386
499 610
25 41
730 733
426 860
242 828
917 565
828 575
736 728
126 231
98 797
578 12
142 514
168 611
498 258
236 344
282 531
728 41
985 585
994 349
6 410
479 987
598 822
821 431
620 484
675 865
393 460
540 409
632 327
567 101
522 543
886 844
567 342
913 843
403 701
232 692
708 237
87 295
540 911
810 549
811 183
271 220
334 101
657 980
856 506
608 120
592 568
436 260
315 712
165 651
290 605
876 710
329 620
522 874
886 793
891 933
931 329
562 703
865 828
508 634
108 356
336 282
331 383
197 858
772 415
706 591
285 481
501 383
386 910
263 189
421 468
667 879
636 146
368 155
175 196
199 860
886 30
487 360
945 197
125 443
877 734
903 60
94 726
131 367
682 969
90 46
337 264
429 819
310 669
656 18
783 801
915 40
93 278
353 858
169 272
985 91
213 976
923 989
617 84
125 583
927 695
682 511
732 477
636 245
973 421
419 155
849 674
556 297
579 925
305 426
600 294
970 492
273 520
136 268
487 232
59 302
132 154
773 299
171 755
850 396
747 758
122 479
784 846
292 625
211 303
722 923
827 154
172 363
775 853
649 552
759 197
952 771
60 722
487 100
400 410
391 521
802 564
559 196
641 490
746 112
78 180
774 932
612 994
767 467
861 688
512 319
118 183
654 883
496 938
962 807
529 806
631 842
686 264
783 466
889 632
567 632
194 812
732 418
148 644
969 445
345 796
930 577
45 876
578 688
630 518
331 940
890 352
545 428
704 689
271 227
690 241
665 263
718 43
336 577
735 835
452 747
824 404
573 54
747 468
71 90
523 519
769 287
493 306
706 734
917 578
627 7
141 360
854 875
770 213
645 818
915 546
21 667
681 777
70 149
581 707
299 191
572 153
277 980
74 908
701 825
140 232
749 287
821 71
569 647
821 410
186 817
999 147
220 661
151 701
511 363
626 755
947 993
717 597
442 7
180 849
648 747
909 831
309 823
737 244
944 333
910 938
886 516
947 295
894 126
545 14
936 923
176 47
434 405
303 624
577 292
335 887
196 146
720 58
3 775
387 492
38 583
763 210
800 607
505 433
239 862
0 613
31 46
339 337
912 318
778 336
910 684
593 640
447 159
552 897
742 902
381 263
590 236
520 483
835 967
752 559
682 440
21 67
641 137
106 334
341 779
819 584
719 130
384 998
533 87
690 580
425 215
472 56
527 308
904 984
438 76
391 570
380 6
142 178
820 996
591 292
214 488
932 745
577 286
261 612
424 51
858 962
304 883
198 511
488 871
83 960
59 691
494 581
997 428
503 369
492 580
439 512
768 890
312 717
954 716
638 448
334 89
815 421
726 265
6 158
515 352
913 259
810 267
109 200
530 676
107 80
441 923
513 675
92 197
546 874
865 831
957 449
630 438
662 766
165 102
850 178
109 221
612 905
488 521
362 652
965 60
285 613
215 704
589 901
295 986
762 24
152 170
10 74
726 832
800 505
783 890
806 222
656 995
712 646
760 356
902 324
828 889
681 367
54 324
883 684
153 424
189 395
13 928
474 283
399 163
354 586
650 576
93 167
445 907
586 211
709 598
152 898
111 128
630 650
725 574
172 963
435 357
465 903
298 676
388 414
828 81
688 521
395 631
866 838
869 658
471 100
494 484
754 22
528 334
321 162
889 481
634 967
56 362
420 228
466 197
610 153
408 697
237 979
164 118
960 644
478 248
142 852
887 503
217 471
951 286
60 303
766 640
598 102
760 222
618 861
751 787
388 435
382 956
208 950
14 656
366 170
140 542
64 389
483 215
763 86
692 498
134 711
727 940
351 546
59 443
639 788
891 701
839 742
839 349
799 236
616 118
154 899
21 534
926 765
315 682
704 788
523 638
32 329
632 271
339 56
928 479
368 186
746 233
604 169
310 806
108 58
408 749
795 597
909 589
684 450
431 562
287 95
739 300
123 462
870 875
301 325
710 282
389 823
596 646
99 400
759 598
284 690
119 480
626 223
110 674
313 628
207 141
780 962
130 838
384 873
138 307
354 715
145 689
601 365
611 299
859 992
604 211
409 245
525 50
679 447
233 432
253 702
86 429
698 780
729 788
139 576
795 103
112 860
891 513
997 635
381 258
172 341
799 241
10 241
507 228
859 192
62 875
981 969
957 716
401 599
784 438
485 608
342 335
204 272
827 249
301 639
959 52
96 873
823 76
630 280
654 521
626 752
424 40
313 819
17 707
284 651
609 348
179 737
41 945
870 615
532 730
634 538
556 637
46 272
766 62
343 822
196 612
77 414
277 534
98 297
195 371
866 995
360 557
229 884
383 536
944 930
847 502
245 758
793 114
207 915
590 439
433 657
879 724
651 206
276 561
871 33
232 751
415 362
977 579
311 696
566 642
950 536
303 721
522 684
753 588
260 128
572 910
457 440
919 222
707 857
98 932
609 791
221 561
361 885
752 0
46 15
994 936
826 411
837 16
620 99
227 470
735 824
380 970
182 940
794 158
163 291
175 337
211 203
787 658
311 240
890 511
960 315
251 418
809 655
718 229
640 540
853 406
999 679
452 782
672 872
603 674
929 652
436 396
18 450
319 352
430 208
704 374
60 85
410 697
705 902
580 199
633 103
345 25
778 516
260 980
603 293
477 655
337 680
710 352
271 425
637 267
278 360
79 893
346 560
414 242
336 611
745 995
862 986
897 618
957 729
888 218
510 842
267 463
822 656
751 537
0 384
64 283
21 145
888 239
337 790
686 605
843 899
5 993
547 738
60 376
921 386
991 880
241 874
100 480
641 395
444 30
719 833
377 431
51 153
397 492
10 471
460 314
932 314
591 492
85 476
978 242
290 314
75 776
549 591
285 693
143 84
668 170
950 263
251 5
620 432
415 508
972 854
44 569
577 743
381 7
312 203
989 645
153 872
730 975
694 892
187 827
90 334
601 432
740 847
490 426
856 62
972 452
139 736
951 743
642 666
668 505
165 442
479 310
388 225
377 842
251 74
862 337
997 922
181 949
108 946
604 615
680 143
167 400
713 0
363 577
517 413
98 939
596 472
407 128
840 512
455 480
783 711
766 369
223 799
589 296
679 969
339 529
742 315
447 534
290 721
87 767
91 710
901 459
971 167
611 229
934 827
882 910
485 829
31 938
40 719
978 960
599 456
202 408
63 450
379 974
574 276
476 246
402 632
932 441
408 586
786 323
378 954
435 196
446 250
7 369
57 642
599 91
211 129
295 376
785 222
432 624
742 789
302 849
184 633
660 686
138 323
298 162
226 754
92 771
549 456
686 614
385 584
468 23
276 343
873 401
70 603
263 661
246 443
60 282
168 975
798 395
855 44
274 608
665 36
698 177
327 6
944 218
40 527
64 221
177 749
961 843
379 886
878 663
336 898
865 488
63 999
848 762
639 990
577 629
839 502
895 212
906 825
505 278
160 730
571 826
931 756
257 506
772 374
975 219
62 981
252 320
177 8
385 618
247 15
575 55
951 156
239 555
252 479
518 404
310 119
598 417
874 530
443 16
495 290
839 72
271 738
971 317
649 723
789 561
12 140
554 677
601 866
110 452
410 122
331 866
924 142
552 740
917 487
565 859
446 50
24 32
478 720
367 873
813 390
270 571
902 728
877 327
406 164
459 870
515 332
621 425
118 447
317 591
900 840
63 48
541 827
336 719
653 297
787 24
274 249
740 74
211 449
648 510
20 193
179 571
343 374
727 616
137 906
736 931
511 867
81 781
203 397
103 309
369 515
54 774
601 793
592 606
596 827
488 725
94 404
167 815
903 470
897 88
788 740
994 524
195 48
272 51
258 939
516 820
456 899
669 425
250 809
4 584
100 608
255 370
366 521
516 310
211 182
448 704
681 300
875 977
933 617
561 101
599 948
543 640
220 145
582 197
984 198
401 346
581 442
588 272
468 116
810 402
800 897
554 760
543 217
195 615
997 370
212 523
980 509
414 33
655 191
846 539
492 84
982 905
711 626
748 934
947 618
911 399
269 166
570 92
705 596
846 408
789 423
687 149
191 702
631 307
145 50
358 350
865 141
70 277
905 939
699 866
204 80
45 308
565 449
425 390
692 972
323 826
564 863
14 548
913 157
796 228
822 385
88 420
616 799
291 546
60 502
44 793
317 134
753 619
143 655
593 767
887 678
524 513
61 333
952 212
621 432
234 771
951 418
191 734
783 317
193 57
104 803
673 178
576 566
638 578
495 946
888 569
477 600
391 978
381 727
117 130
443 214
494 877
768 557
770 933
862 503
743 237
368 469
834 842
266 163
907 759
697 812
607 762
219 578
2 492
296 581
283 613
20 918
702 738
668 613
392 146
962 266
133 304
551 914
505 804
334 376
279 134
319 935
163 202
222 683
740 961
523 355
640 730
600 384
670 361
916 450
100 375
214 801
971 859
547 113
705 531
172 852
803 941
32 603
734 753
682 363
511 711
878 256
105 494
802 40
670 16
838 667
80 9
146 512
866 208
524 756
516 213
360 905
441 541
362 672
785 89
524 646
389 632
437 810
773 645
220 784
516 45
292 196
753 492
375 87
175 108
228 567
780 36
726 548
38 325
518 481
2 5
306 219
798 524
266 912
252 91
910 715
52 408
347 151
152 206
849 997
509 280
66 802
299 292
25 982
569 583
207 287
672 499
756 53
963 702
23 177
43 442
472 990
145 363
849 68
799 623
268 253
714 839
271 127
915 733
803 368
54 67
796 128
727 737
974 288
775 598
804 379
885 550
739 492
42 375
541 303
803 661
492 62
347 114
84 734
369 228
55 277
675 243
473 945
353 139
918 956
547 873
654 235
361 841
370 242
539 967
951 430
820 375
726 629
327 44
376 770
709 122
82 875
914 719
743 283
536 225
784 786
944 933
173 976
807 701
30 670
94 351
826 38
67 867
220 162
16 755
661 816
768 103
118 127
673 448
725 82
18 690
650 730
157 726
958 306
227 871
697 744
963 964
58 381
565 252
234 13
312 736
903 481
663 545
216 338
447 914
950 750
5 88
846 375
228 306
220 129
680 206
559 360
624 686
657 503
596 332
241 43
407 240
349 381
831 162
816 49
370 961
957 533
755 257
868 710
561 747
195 498
399 981
256 366
67 685
951 709
835 687
478 477
402 903
43 46
750 710
287 914
946 886
248 549
289 292
532 270
935 66
598 913
179 758
261 499
598 583
703 465
544 300
158 863
947 485
717 125
7 248
709 134
882 19
319 549
929 518
940 569
389 377
831 116
116 362
975 496
236 763
581 616
541 245
66 502
198 90
239 944
765 635
591 157
32 851
642 416
268 450
48 463
37 981
892 692
864 240
562 451
637 897
833 792
166 603
446 212
925 39
515 534
381 409
344 569
530 961
910 295
215 300
335 661
794 258
284 966
834 697
290 595
66 263
513 766
6 301
693 492
446 706
153 680
971 335
785 67
570 669
912 72
820 623
362 993
11 563
965 672
46 159
152 266
713 868
704 222
699 808
634 572
684 248
976 717
409 297
325 213
527 319
238 764
591 704
937 580
464 567
19 325
195 477
662 137
582 893
160 936
719 685
837 867
472 358
966 521
947 625
714 969
749 631
785 6
880 443
587 427
110 980
466 526
946 299
179 555
556 468
197 187
266 365
928 459
735 325
842 725
177 572
945 573
765 275
701 995
187 171
165 470
815 450
58 499
901 691
315 339
29 49
368 875
219 652
423 578
700 477
430 318
860 796
7 120
633 958
141 5
785 506
44 70
904 516
245 151
260 458
954 515
824 542
624 357
838 765
403 240
604 711
399 520
505 303
303 975
970 634
312 619
577 466
227 956
409 741
251 9
129 982
223 989
704 122
670 562
512 591
717 738
528 799
759 957
854 968
263 137
308 381
467 315
411 567
690 370
903 47
793 433
530 240
284 12
38 559
790 593
342 859
213 221
281 224
644 67
764 610
402 583
492 163
765 915
706 462
770 399
929 68
667 894
316 784
888 290
580 205
527 206
710 295
461 555
64 744
808 846
112 902
668 329
533 822
838 954
24 647
897 8
913 355
272 650
5 303
624 703
764 892
576 212
498 412
393 345
865 214
417 224
862 444
808 478
219 667
983 775
463 779
158 722
59 224
463 862
321 975
166 617
384 820
363 536
220 808
247 62
227 992
275 216
124 618
944 573
986 24
273 93
503 882
40 55
485 527
168 772
386 96
173 512
140 36
84 801
332 600
483 14
848 499
844 385
843 54
672 984
16 901
78 748
283 206
208 310
365 647
540 893
803 390
698 596
37 239
211 577
515 411
108 319
887 311
776 80
178 853
31 378
164 928
578 16
135 888
472 803
745 619
236 427
172 601
48 161
932 779
972 630
670 964
879 526
431 963
956 208
302 324
378 984
701 768
829 729
210 295
924 242
960 184
29 218
70 367
6 637
409 517
647 713
52 922
167 349
79 786
744 739
979 944
138 646
591 148
851 594
332 147
513 811
446 676
942 5
788 9
658 710
428 204
368 419
124 756
570 641
672 87
918 503
700 135
752 427
520 564
620 619
1 171
570 187
999 801
694 626
859 984
89 618
529 13
775 798
698 814
829 515
897 651
710 677
348 352
473 97
713 352
222 250
639 178
120 223
141 44
3 71
729 228
166 485
863 585
400 855
104 994
254 428
699 468
514 454
230 986
518 732
648 549
287 208
457 330
225 706
640 592
914 385
454 417
865 819
740 10
158 62
31 914
561 917
857 880
186 238
189 349
313 846
436 148
317 783
38 382
946 953
115 571
427 358
934 926
531 99
176 614
712 578
8 363
608 25
979 53
930 913
392 19
87 527
211 758
174 49
702 756
804 563
183 629
730 978
965 495
422 714
114 185
939 8
741 691
151 677
92 74
724 581
101 314
793 406
52 984
359 493
254 852
218 512
21 869
835 131
435 618
780 196
173 160
580 781
242 869
521 756
649 829
143 615
422 769
501 32
766 125
355 594
924 307
451 882
61 583
795 903
527 381
99 754
704 719
657 712
490 828
796 732
207 421
952 529
51 277
710 280
548 0
899 46
598 300
90 850
967 680
744 779
34 842
234 470
705 856
968 227
517 160
882 854
710 452
871 231
400 2
67 401
999 552
505 988
871 729
639 687
47 196
891 879
826 219
939 897
323 674
645 219
448 621
177 18
622 704
979 329
535 177
528 499
210 396
398 681
540 427
85 420
676 641
468 768
842 220
787 272
208 923
869 219
870 754
337 350
432 53
606 946
39 78
795 657
342 229
737 753
507 793
970 499
919 821
811 341
335 997
88 575
843 52
104 442
833 384
263 359
457 581
315 779
666 723
875 697
599 939
124 34
366 394
593 6
614 537
553 799
227 688
633 707
928 836
56 148
67 149
649 388
42 748
628 307
532 163
590 702
561 265
252 924
516 91
286 745
340 712
937 628
60 531
592 374
981 910
61 783
161 467
447 244
662 782
518 207
838 513
99 867
407 979
268 677
771 439
727 808
388 332
62 482
193 17
818 699
610 152
731 277
298 766
933 393
450 228
364 86
952 506
832 558
526 790
567 46
47 573
4 249
528 545
353 639
682 673
961 436
298 48
181 999
617 0
134 766
485 533
94 127
925 969
303 159
170 966
173 330
809 535
365 813
383 814
157 230
915 158
535 34
826 832
789 657
896 148
710 632
954 474
113 218
640 398
812 57
638 800
174 577
856 958
730 45
890 774
244 381
452 256
973 649
939 393
850 40
298 32
930 434
72 147
404 185
959 24
208 789
135 618
361 479
713 193
723 370
923 16
873 884
238 87
512 883
987 794
523 85
5 925
164 609
757 863
126 576
557 63
534 220
312 979
180 803
968 541
115 113
246 846
637 558
882 226
455 896
38 983
316 944
303 335
933 174
703 330
427 525
598 767
382 717
80 748
546 15
292 85
548 804
347 643
551 323
325 789
70 22
323 435
170 533
439 264
75 964
524 253
383 549
384 445
8 371
802 291
910 879
159 384
671 800
893 330
371 630
52 85
495 172
234 208
725 286
160 379
291 282
326 201
927 532
702 383
458 395
439 528
375 817
630 838
339 474
954 243
963 393
847 330
945 697
110 601
169 879
963 827
728 825
224 85
206 939
995 185
631 3
797 286
769 31
331 398
397 791
930 919
764 508
712 639
885 47
341 721
556 188
338 42
372 562
191 281
539 605
712 9
117 978
28 630
563 175
384 778
662 156
783 532
376 443
549 894
694 536
825 603
359 774
294 101
597 202
367 898
811 784
284 235
284 866
932 633
891 900
706 503
267 701
88 440
607 703
140 395
204 508
235 80
486 280
736 315
971 483
722 313
684 164
75 211
317 487
184 892
251 352
873 529
467 266
312 905
776 218
607 544
846 188
11 259
415 655
753 953
41 75
214 327
375 888
63 806
623 944
123 658
828 837
901 831
230 699
667 705
711 315
130 567
299 974
955 998
412 586
574 296
661 740
981 153
845 481
705 581
104 126
549 77
644 844
642 228
884 716
444 26
907 788
894 819
823 214
31 523
551 908
672 220
843 372
697 236
822 760
908 736
333 596
650 836
471 748
492 411
982 149
118 347
614 651
862 999
757 310
228 330
153 532
99 159
442 560
642 921
51 732
267 884
757 936
415 215
128 419
168 212
446 132
572 997
343 481
707 925
10 218
32 453
553 715
424 247
672 117
843 520
15 182
945 653
325 932
561 401
92 973
351 504
282 684
25 376
582 560
757 633
609 318
314 645
296 568
627 237
863 801
741 405
652 70
849 908
18 775
332 903
598 178
556 529
434 914
544 125
262 399
465 258
701 782
7 812
481 795
160 669
936 901
8 823
829 785
22 68
167 736
965 289
137 867
990 0
344 381
134 132
346 19
450 401
436 882
819 311
631 208
785 225
290 346
95 224
808 590
275 394
817 273
668 783
493 819
580 891
708 430
25 322
845 291
706 957
415 5
355 399
366 970
541 647
543 407
483 229
264 177
323 119
997 489
321 873
210 896
564 233
247 156
914 222
671 616
446 559
701 375
448 581
878 913
492 260
670 556
673 919
891 780
878 184
622 824
702 877
516 15
820 290
203 288
215 142
108 948
393 271
580 955
878 978
298 938
551 671
832 674
160 927
828 692
309 900
77 723
140 712
865 289
274 619
138 553
269 466
297 839
532 537
225 27
866 459
107 970
617 56
238 267
424 55
814 270
528 505
594 793
283 48
923 270
704 410
42 390
376 46
452 308
17 990
767 186
17 334
263 552
516 784
431 804
524 395
691 151
33 657
661 924
136 239
386 555
44 436
261 291
575 41
779 359
797 874
740 192
902 411
387 207
500 0
529 808
46 660
821 346
896 761
953 255
528 986
972 308
610 324
891 38
964 583
859 787
510 250
181 711
322 893
89 899
675 784
629 339
601 880
451 354
9 137
388 605
76 637
795 88
542 494
405 10
179 297
863 650
551 924
771 990
640 108
359 943
880 800
665 153
64 222
643 38
807 277
789 639
229 931
300 381
552 66
83 463
79 185
152 913
496 498
310 388
725 979
443 986
159 672
571 517
736 668
50 682
743 398
525 415
731 243
742 503
513 699
854 365
818 422
270 134
844 832
461 333
643 11
347 275
795 926
944 572
175 129
211 734
619 574
965 572
78 547
610 877
981 564
538 742
711 41
601 604
161 792
304 160
779 788
421 178
986 315
573 944
874 232
617 280
450 258
209 10
907 225
421 579
131 262
283 605
893 694
784 333
838 326
933 956
769 407
703 426
885 451
961 231
235 204
19 437
491 445
962 439
440 826
839 307
155 44
364 939
118 41
442 173
344 113
823 723
790 636
672 648
487 244
96 753
919 322
699 527
683 793
351 360
875 693
770 939
281 148
21 672
223 906
981 818
555 622
427 931
646 39
149 643
865 218
618 561
464 172
223 517
78 749
373 773
344 61
308 49
595 479
474 820
961 351
211 179
722 459
430 920
333 670
933 458
350 596
733 496
939 508
643 106
468 924
771 456
711 629
740 57
879 977
691 558
909 724
239 298
750 890
819 949
182 771
577 651
724 104
122 183
921 844
344 521
493 12
850 647
141 21
61 516
344 617
548 61
33 532
147 31
182 1
185 596
95 299
829 434
183 916
2 181
883 310
948 362
369 920
107 357
623 444
624 538
484 226
998 47
211 257
154 693
918 735
915 237
989 373
963 903
842 85
781 719
470 824
670 520
461 79
551 245
73 13
496 312
154 779
377 975
354 154
494 525
927 479
643 887
597 35
375 934
502 223
624 809
225 528
107 813
424 585
651 4
335 802
541 737
26 295
657 583
32 698
177 550
925 547
526 156
460 657
819 960
195 825
939 542
568 154
146 405
926 696
246 559
906 315
577 310
37 187
733 226
425 158
592 334
433 787
553 47
738 952
252 894
173 266
386 789
674 445
226 736
821 549
872 335
259 526
789 628
134 767
800 179
793 985
599 756
88 147
326 901
360 628
823 544
58 37
755 538
929 656
55 468
447 276
232 492
812 652
705 558
699 545
340 192
360 101
935 784
351 337
940 10
337 820
735 937
545 666
33 7
217 503
174 161
222 696
728 742
76 48
846 272
330 701
647 422
326 219
830 995
215 667
127 14
368 509
245 472
397 394
632 105
812 624
324 554
472 538
250 648
235 853
714 429
877 467
867 713
69 694
85 89
176 92
441 822
874 194
668 345
108 565
937 280
357 418
390 128
314 91
835 912
791 869
723 976
667 273
713 30
900 558
128 299
548 114
13 609
795 829
564 709
835 92
365 459
797 483
804 487
706 452
76 305
601 116
137 753
743 628
400 49
511 997
810 315
752 154
708 656
63 570
6 911
619 491
140 527
150 736
645 21
855 616
152 295
860 549
745 637
817 890
989 396
619 937
550 14
518 145
83 757
896 848
367 560
596 750
546 814
250 9
491 78
737 421
849 184
351 302
388 321
486 861
376 580
987 551
584 134
241 473
37 436
245 450
609 940
986 324
881 838
263 373
766 352
194 818
645 31
982 415
636 553
497 177
282 126
786 998
145 169
536 356
684 452
323 0
962 950
294 38
147 367
757 485
642 87
5 687
517 210
164 729
693 465
857 614
895 42
776 816
865 292
850 951
953 801
744 570
909 888
512 788
317 430
438 736
759 549
852 705
31 395
590 290
693 264
332 71
310 464
64 326
582 192
12 903
443 142
971 582
16 833
195 220
934 736
879 310
5 900
253 407
451 34
867 198
695 571
240 374
632 395
623 765
208 466
317 11
390 115
151 388
887 454
539 659
716 820
561 222
716 560
136 194
921 881
334 900
17 516
245 782
25 984
915 12
323 283
917 597
352 818
626 580
969 191
615 934
377 542
611 150
835 93
881 10
856 968
493 692
851 202
373 232
118 162
624 347
206 544
593 705
509 962
705 571
114 788
111 129
189 843
521 507
180 427
417 902
477 60
31 288
373 771
522 243
552 802
611 988
99 428
548 981
277 339
173 340
493 363
103 272
244 837
907 528
240 184
871 788
278 585
582 451
466 707
885 836
548 255
757 88
402 20
659 223
126 18
0 165
640 587
127 820
352 69
707 589
769 304
736 428
35 472
454 738
145 698
531 69
880 247
713 720
294 595
435 616
694 794
32 354
961 893
993 561
94 306
324 175
38 561
364 852
162 694
338 843
590 916
223 794
297 123
666 421
628 91
709 535
447 689
727 153
440 622
251 938
16 914
227 423
765 212
986 912
486 322
169 679
591 60
12 729
16 111
389 829
926 5
111 732
385 933
433 238
52 110
782 127
40 934
759 714
646 254
622 587
148 22
898 135
835 644
284 790
355 483
758 264
475 716
21 107
825 772
457 547
630 444
499 147
202 859
915 639
2 119
490 887
222 970
87 483
653 578
705 894
436 875
779 284
578 506
965 596
750 812
821 488
782 37
649 922
286 101
612 647
280 948
67 167
377 464
593 57
176 214
657 171
517 543
564 296
220 361
256 376
873 18
85 398
62 116
547 796
356 576
723 484
403 89
493 166
381 497
73 878
693 836
301 654
641 82
233 344
441 812
240 577
202 147
218 679
733 143
325 52
654 815
39 827
977 158
224 628
93 666
988 287
450 798
837 255
786 675
36 681
313 239
904 960
712 624
660 741
111 798
620 504
170 325
426 945
740 126
611 339
904 838
559 84
89 772
358 629
494 373
185 762
967 560
352 249
914 590
958 271
597 153
765 576
915 196
519 24
361 623
360 644
921 797
830 386
771 301
917 919
156 864
794 435
491 658
632 517
16 324
943 694
510 213
929 898
767 250
147 663
412 226
458 887
239 765
178 187
147 701
235 818
681 33
490 994
872 798
752 544
204 607
68 38
521 350
760 741
704 231
974 517
668 591
909 637
287 601
780 10
148 653
188 941
300 288
857 71
407 781
430 240
956 63
359 300
303 332
32 779
375 431
571 374
194 982
406 174
395 654
313 610
448 612
862 3
131 759
651 311
827 288
366 222
584 46
676 209
286 789
913 877
418 710
962 811
23 327
969 728
812 559
290 117
881 626
874 696
969 59
648 710
421 794
604 914
112 147
499 321
564 827
441 997
965 850
451 163
602 119
103 986
244 915
225 47
41 798
273 796
540 449
350 663
974 904
757 564
614 277
376 250
178 144
417 464
35 123
271 111
281 516
